ELEM_LIST H O

POT H 4.0
SYM 20
2 4.0 0.000312 0.0 0.0 H
2 4.0 0.25 0.0 0.0 H
2 4.0 1.25 0.0 0.0 H
2 4.0 5.0 0.0 0.0 H
2 4.0 0.000312 0.0 0.0 O
2 4.0 0.25 0.0 0.0 O
2 4.0 1.25 0.0 0.0 O
2 4.0 5.0 0.0 0.0 O
4 4.0 0.0003125 1.0 1.0 H H
4 4.0 0.0003125 4.0 1.0 H H
4 4.0 0.0003125 1.0 -1.0 H H
4 4.0 0.0003125 4.0 -1.0 H H
4 4.0 0.0003125 1.0 1.0 H O
4 4.0 0.0003125 4.0 1.0 H O
4 4.0 0.0003125 1.0 -1.0 H O
4 4.0 0.0003125 4.0 -1.0 H O
4 4.0 0.0003125 1.0 1.0 O O
4 4.0 0.0003125 4.0 1.0 O O
4 4.0 0.0003125 1.0 -1.0 O O
4 4.0 0.0003125 4.0 -1.0 O O
scale1 1.4623442691750965 0.6371284516791543 0.048423076362755946 3.7518946417434564e-05 1.3217278926397824 0.8350005126073987 0.28865145279648546 0.013912722271884661 0.34951187331107714 0.18939223926373164 0.18305214737452893 0.06274784148542945 1.7570893195923831 1.2279398957290577 0.4623244363214935 0.16405601052008345 0.07545517935535878 0.020945536777481993 0.16809432795815926 0.13135781505078925
scale2 0.8269761417433978 0.3184130843859062 0.02863023572797418 3.690641103385527e-05 0.47573009773637714 0.1945610529867648 0.07376653126992257 0.010327049177658613 0.34951187331107714 0.18939223926373164 0.18305214737452893 0.06274784148542945 0.904819585328456 0.6380468360376638 0.38792223655740715 0.1640252488390751 0.07545517935535878 0.020945536777481993 0.16809432795815926 0.13135781505078925
NET 2 24 24 1
LAYER 0 sigmoid
w0 1.186064782604127 2.0218870626203223 -0.35236864328398304 0.14878053948352551 -1.4053556611234688 -1.7759278925517556 0.3814232203201723 0.08104677989394425 0.44412574811105 -0.3362794782671027 -0.28625355903056077 0.06683754060083362 -1.1528530701954727 -0.48908030982015765 -1.6368387841907688 -0.1099005908158799 0.44701253041922356 0.07585464928319498 2.4233803949174915 -0.4098023886405337
b0 0.586248631047527
w1 1.5648262580281533 1.0516666174668614 -0.04014224851272359 0.012100161738779794 -2.307664646666174 0.34180581620986517 -0.3582651330486795 0.41072491724046395 -0.7152045050337065 0.733859454264566 -0.7445817508627125 -0.46266190457878087 -0.38670252553315415 -0.30144668918790984 -1.1828846720391564 -0.6859473057796368 -0.3252088071934554 0.505049995919213 3.188059429798293 -1.2378473338657694
b1 -0.7737543640536804
w2 -0.5475226356573993 -0.3836598996643939 0.5362983200838517 0.35381466216803226 0.463322406667581 -0.3846734079624724 -1.743686791334302 0.31852739077627834 0.14136971655308012 -0.029311127974429935 -0.13218108056372443 0.1952496156505322 0.39315935664231244 0.4198428611928929 -0.22161939461126348 0.13939868861629173 -0.43817510461826853 0.0890249047999381 0.6803071739001224 -0.2813099546657512
b2 -0.7822126614281868
w3 -1.4455634972463742 -0.676660928652233 0.1890915520473252 0.08753338331244648 0.21652486574870908 0.1929579930614501 0.3189931661205077 -0.6995950726676081 0.3433938983442125 -0.07162168863977735 0.2813753092608254 0.9094878338159834 1.528013237170754 0.42369181264897976 0.14999406339792007 -1.3364368212780458 1.157773321751211 -0.12204369811024456 -2.8307620714648394 1.837291963642583
b3 -1.5506554833197634
w4 2.2209871191164745 1.043501864437252 1.0834065993167918 -1.95146169801363 0.2753214649632837 -1.0566682081118797 1.6994587926827691 0.3909790883151274 -2.158232760517883 -0.07277497434122807 -2.601642928490386 0.92210406162288 -0.15640858139635094 2.1364065371176864 -2.525729091610186 0.7856073338088726 1.4256899893407573 -3.2926788582107327 -1.2987528678486697 0.31305831512418414
b4 3.822722158923126
w5 0.8747995690892476 -0.4765273450469074 0.572819900614075 0.26048581283446176 -0.3984891427354766 1.9556253006402917 -0.4543250182932987 -0.2749630346818264 -0.05831195450988056 -0.3617087248337394 -0.3854217470195266 -1.0498241458612927 0.22742951946158346 1.3710200470026022 -0.432678937887885 -0.5989976469467988 -2.0257323993606384 0.8581593007105853 0.7883252180431577 0.150398674334888
b5 1.5580673782818835
w6 1.3230278729899756 1.6436974796203785 -0.16595111034745327 -0.16948465704137552 -0.5981418690540768 -1.9429010926299135 0.5183216931991 -0.21035109743128919 0.140698411210834 -0.20302815301306015 -0.7031541050464796 -0.6154719019994915 -0.8743704810770695 -0.32718902032004077 0.16370410920414827 0.8091291601161533 -0.05498949719482674 -0.08234245796242914 0.0005035004795401002 0.7108620604234105
b6 0.9331426837149523
w7 -3.553881006649455 1.467564154278126 0.272751913634914 -0.1880868526721479 2.3440255822658993 1.2203992907785273 -0.38995851091321937 0.06125819009064871 0.4429887244477404 0.5507864184177228 1.2867827472479312 -0.30153161087957 -0.9719023004499568 -0.4201452587283266 -2.6791927833286886 0.5289549580128641 -1.1066215493049367 -0.0792468263178903 -0.4181707929187339 0.18141710071776085
b7 -0.764267063996702
w8 -1.0600610241862805 -1.2695637585837236 -0.08885191994675112 0.13808393950719824 -0.2853596756700024 -0.6691287611449023 0.20801682830909357 -0.3170880003272408 -0.17676774339802537 0.9125284350721241 0.5630592854763435 0.3153200481204258 -0.4812675240586589 3.1753627242059688 -0.2785319021874902 -0.3787790833598377 -0.41698566094401607 0.01019202380434242 0.013321663919224467 -0.7189457415873448
b8 -3.1445314101851194
w9 -0.09973035231451523 -0.20046160678347003 -0.4171994015420722 0.05505561642230644 -2.5508919164638417 1.3034664423995668 -0.4917106747967926 0.17000408636452657 0.05892371284637655 -0.8290103653759859 -0.09894778116065707 -1.0315810908116148 -2.0597317179964665 2.0096398225135386 2.6077200418594733 0.7590721988510816 -0.9838870186056546 0.1916423956730705 0.9607344696085226 -1.506843195957739
b9 2.450749020689541
w10 -0.3238767776087716 1.2124419220914293 -0.4412782410917828 0.8254441561713778 0.9710855063415584 0.21917001324840904 -1.0780530053501092 1.192412179998606 -0.5666922679199022 0.4938693957421876 -0.05302371396655095 1.0029177898797454 0.067803754490113 0.8618978406492156 -0.9674854649948073 -0.7767976790170316 -0.26224794578075883 0.4328911120124026 -1.0652773040411327 -0.3842273752909441
b10 -1.7389723443038048
w11 -0.854563963670167 -0.12981865709205254 -2.0496381647849997 0.2635967378596575 0.5510916093430537 -0.5042811682622542 0.2876622972726664 0.6935816398857353 -0.002112511610402222 -0.2777011582876171 1.2463820452917016 0.010968938239724738 -0.8154970698008215 2.3673554986863463 -0.30726056062077833 0.1322363822388985 0.06473318941977442 -0.3152582171161984 -0.37310857221526544 -0.3567173323524641
b11 -1.5231891282181167
w12 -2.060693150282435 -1.1906090892593975 0.5004472555773453 -0.13627450269337565 3.8017583543142988 0.023111260054850563 -0.21190950743713788 0.0403668347647883 0.12668932150899273 0.08172270872900173 1.1606781946756097 -0.3274903160878379 -0.44242456272271324 -0.09078928645312058 -0.798289047562086 0.7903193469937134 -0.7450149658568059 -0.13903133146438157 -0.06619880065727701 -0.7797478345655127
b12 0.08486402558866923
w13 0.33132840197865704 -0.8636842003347119 -2.1163106429264 0.9193842755374573 0.5727553618869631 -0.7289848742134312 0.4327209405031381 0.2463384636270264 0.5436308438348815 -0.193182149185545 -0.7401894117032903 -0.28111218488818224 -0.5698594860081961 0.05243884903446135 0.6783165947644298 -0.04313026280317278 -0.11219288462237782 0.11283773401197793 0.40521619306516843 0.2635712163076253
b13 -1.5091269899932664
w14 -2.149584542827238 1.285879120635946 0.045759331213473274 -0.3252566232224515 0.4190027230768067 0.3670029509833903 0.4561126102926168 0.6595773470425808 -0.9883191684405234 1.8397903787452816 0.3559694267987176 -0.09625068725170544 -0.5978658252819926 0.22794716549221264 -1.1640039269370333 -0.649561812389017 0.7150228876511404 -0.6673703523621435 -0.879579948848859 0.7839389213054712
b14 3.0764104902480054
w15 0.19131809600250965 -1.1143296503183466 -0.7703320675750169 1.2357364425012518 0.7753767898965804 -1.0475679669265248 -0.4048048064857643 3.3154603332528074 0.05627723965722929 -0.1525860635390461 1.1914431168845712 0.7107324212810131 0.6207816682252988 -0.6675050749602178 -0.6396572301477212 0.1751430311728699 0.9832545099777275 -0.18335072214054765 0.012845610162365451 1.3195798269995782
b15 -3.625381667683247
w16 -0.010859676839075513 0.5875792963451797 -1.236730489800093 -0.2601512322126012 0.3343087997830182 -1.0660144602258992 1.0669877427143633 0.20856716349764 0.07014418505499682 -0.14597505500962682 0.08056500924235714 -0.1378628646184917 -1.2006506043373568 0.7933975095654392 -0.012744129141451307 0.021206531948236233 0.24149382460126184 -0.12982009798883862 0.40011160813227403 0.0046167626207596
b16 -0.8284674928037082
w17 0.05145572637387145 -2.6080544915117096 0.6812011570070382 -0.09109637950321606 -0.6109708494954927 0.24315987695135788 -0.17521662970555132 0.28706091698100583 0.4710886520243358 1.2387316145366325 -1.5795770112999654 -0.09304250842324072 -0.6405656506019327 -0.2473321592491166 0.11401587074083516 -0.9435755098771046 0.8312840197158021 0.04637661581392258 0.7623435643747094 0.04956239265677377
b17 -2.1158137820115455
w18 1.1741107914093958 -2.824809454532917 0.47945271298486875 -0.34014920474347804 -2.3797951543074123 1.0296778653066152 -0.28257526853221765 0.10660268795885276 0.17098450509559543 -0.047262113177905844 -0.3306119805887311 -0.25934933196166376 0.7873617882664341 0.7458088802470006 1.9281809568455837 -0.620889822983597 0.5654182152340737 -0.27202105915387076 -1.244193637994731 0.8652061856394357
b18 1.360148138708505
w19 -1.5580214330172923 0.4992637341171024 -0.30702549634218235 0.14479725660524406 1.4730419177666698 -0.8430126687387138 0.013139616651755085 -0.07811997693942101 -0.25511748404939383 0.04945249200728755 -0.7790485647742035 0.12403868978798213 2.6942664241573406 -0.03225408887049391 1.521311668163719 0.3300224802212514 0.14026261731100084 0.06985371210359384 -2.7006753867589377 0.9792479479315656
b19 -1.474124143572517
w20 0.2766656291936692 0.5802950877197064 1.1988081120020304 0.12636051188228756 0.17636779307653827 -0.3772036545558325 -0.8332340002868479 0.2701539463691454 -0.23697157944251143 0.19057233273858376 0.09085438712422764 -0.297074841378749 0.2739974309321055 -0.6938634033758267 -1.1002292005679146 0.4926835339271303 -0.5467930919427836 0.17394428390113006 1.6077696428058308 -0.6855894019214079
b20 0.18461595229137928
w21 -0.0022971923184536436 0.5320461060676902 -0.49841381766969767 -0.16653442463410584 1.0351848932753596 -0.5988109633084975 0.5973146219411085 -0.26257104935336734 0.29681117347721353 -0.5890403005289723 -0.6421453961648562 -0.28033723767380797 -0.04483291534769117 0.5370154932521598 -0.28397481542718056 -0.05609033017749488 0.4094311643825962 -0.8531939787377313 -1.2447553644483784 0.19178077259324625
b21 1.8991663778813086
w22 -0.7415036946790144 0.1932241791883312 2.0709238635937037 0.13105577792320247 0.2445971217801751 -0.2630202080850985 -1.0118455211474748 0.6600599824619583 1.3135194370337242 0.40631885286857106 1.924926077899272 -3.096001061265313 1.1864779533325334 -2.424085201126875 -1.3145954633312884 0.13925855095172016 0.6354134089348549 -0.62193922554282 -0.1708821343383562 0.7963347712489823
b22 3.3617611136293575
w23 -0.715990272515382 -2.419448442957676 0.1556092668385839 0.25168766963412503 -2.657073463972179 1.9846734961974857 -0.10795887541439049 0.2780153992314875 0.75823558318776 0.18986198095195642 0.766049590964219 0.30085229284159903 0.4729428456679385 -0.0024905348182933753 -0.009657070026490182 0.10111034847027767 -0.7729146091437014 0.7439158849089885 0.914693708175681 -0.18943230401611655
b23 -1.4488051231725454
LAYER 1 sigmoid
w0 -2.7604418506128536 0.6363606941431482 0.14166605636119897 -0.022656519812469803 1.2806976615386414 0.6875745528904479 -0.6644726936611716 -0.002788123343132719 -0.6986140169307022 0.6572997219965199 -0.7098367930359586 -0.04983538867999391 -0.4902833603013209 0.11419361441303932 0.44418838314810616 -0.9392894344681448 -0.5900088062204595 -0.11060787088525895 -0.5365232482236489 -0.764403943080396 -0.5094965973407162 0.9091791975839711 0.948185319123218 0.23480048963978825
b0 0.9003919260109974
w1 -0.051867559715624297 -0.022071553078082895 1.5274339097425036 0.2321624560388189 -0.5873074448017849 -0.20252953584012132 0.49676748769292745 0.09025300948041359 0.6557026765417338 -0.8451092536213612 -0.03230412025889396 -0.2015920676978364 0.42945194338836845 -0.8432489051997548 -0.2174224895592645 1.2034347750433625 -1.2619303817237644 0.11241870139221918 0.2423590388955135 0.6291404686821639 -0.6873179908230519 -0.28425913666056496 -0.8906707366456846 1.1200748738099024
b1 -0.7033983779550039
w2 -0.2171781343443067 -0.13820276600087572 -0.30481087677346863 0.38963277581981653 -0.8272624887902822 0.3593592022644402 1.1563912815279103 -0.576458884864779 0.4293216379452442 -1.342169765203265 -0.19247145002553737 -0.5076584806389678 -1.7319796876039748 -0.12877246746917118 -1.348998765787911 1.0765751052375103 0.18818958075064546 0.18852311184385748 1.0115474782458187 0.23769458390380763 0.1774503888763396 -0.08462483347919193 -1.1884951314134624 1.0092811402164563
b2 -1.0038073724960643
w3 -0.6891821692876137 -1.012640102667022 -0.011612902777019332 0.7622079857528878 1.1327536281435326 0.6003366278489847 -0.7201044421301196 0.30248081478942324 -0.5332056924911881 0.9816395206828387 0.18577005840435246 -0.21834450527703947 -0.6766981177694127 0.13140778964580935 0.47806246080575265 -0.5896655398442603 0.26860341231515217 0.09262574761814028 0.06136121948757527 -0.5286968994512506 0.21475261832116138 0.32451032576026045 0.7951696249351626 -0.8731608325844209
b3 0.2442551584569705
w4 0.17521749697234557 -0.18595976112073714 -0.12826152953987577 -0.4870630044216221 -0.533886796645776 -1.1850718382996372 0.3438999375086879 -0.06773761726471121 0.4435708370454216 -0.2223689390795961 0.24626438682093946 0.18021605872301402 -0.27093999795864615 -0.005040653174241473 -0.6775835078998494 0.7110574681959079 0.028097408462781484 0.3880836609044391 -0.4922156722883499 -0.5071066153536306 0.12149543916791594 -0.05439347726537018 -0.4942488059095377 -0.20118290462155689
b4 -0.4586394430824921
w5 -0.43018136902733267 1.1113603843661595 -0.05269266139626704 0.7336795571063932 1.3167399649957217 0.6406042379433493 -0.4558518399425699 -0.37182208358793517 -0.6785123579239585 0.3680792716989209 -0.6690237639810309 0.17187544229392576 -1.088513674094052 0.25432592673948584 0.4234652715784579 -0.5007118860338334 -0.14746247433543486 -0.3964274878491096 -0.19303476055088867 -0.26951730120291434 -0.27497224810259235 0.20032034645911215 0.6637947976485764 -1.0221430781076635
b5 1.046279140953182
w6 -1.7989980110122779 -1.210381371596595 -0.04156116593671922 -0.649690135965452 1.5700939025174314 0.4911157652338083 0.28508514047975786 -0.6937707495924416 0.5338647929106078 1.0391313644211795 0.5106347293383049 0.024124921487850233 1.9994212890653824 -0.274166391678787 0.7432399474804031 -0.8247079628652604 0.33349469028772494 0.5906388400512456 -0.62438531031302 -0.2387751904215743 0.4302361352758802 1.351456512605246 0.389146984105106 -0.636644344697609
b6 1.0061885416073406
w7 0.006559617017974631 0.981331646015925 1.013042824856934 2.606995678324125 -1.3476462255391304 -1.7093854120112129 -0.19104615272965014 -0.9290139511838514 0.7060133726714931 -1.0003374416411954 1.109292092788992 0.07425843758744313 -0.30304698501726723 -0.3258486564467876 -1.3210421448587535 0.8176373274788529 -0.2898850781864183 0.6959839468306004 -0.41195249905848286 0.7767795505058329 -0.22222828391383942 -2.877663040436563 -1.3855642982303997 0.5048211447138801
b7 -0.29843215447753935
w8 1.5869410030304454 -1.6234756534078532 -2.166556753561331 -0.5569426448487739 0.992315219596341 1.7136152864218346 0.9146433391410667 -2.831156544937464 -1.127091147779481 1.2227371678559038 0.20050304036123173 -1.3304849286707423 1.001492420131379 -0.4294605395935905 0.8255908809073944 -1.548488078975384 0.8941128630776555 0.7944490849878907 1.552742631667229 -0.9502500879239791 0.5543008835004686 2.8190709567617507 1.332023274774042 -0.6193039078945521
b8 1.2026156527135847
w9 0.20988146871018043 0.06004995264455307 -0.08698863027385567 -0.31579972682198343 -0.9614420472642807 -0.8348497947994361 0.8343065696744066 2.643144459964205 0.7614942450014739 -0.8598178528144027 0.08008572138241868 0.21084031682929755 -0.23127280943290107 -0.4409832821101127 -1.0668613481210116 0.9055730096962785 -0.16899340721146483 0.867375334145244 1.025385395826275 0.5590875072884685 0.054079423275331544 -0.7916393288899933 -0.9703463504635456 0.0749450633391615
b9 -1.0525581222740508
w10 -1.4726078784263155 -1.2467022583812648 -4.32748714422127 -0.2853645884018982 1.0858113939059977 0.8048170128490614 -0.632783660862717 0.8290858612234955 -1.4957722694646267 0.8062162229696546 -0.4361168157656166 -0.726341761324837 0.29156501774462745 -0.6674810753034299 1.6212624669715716 -1.1960007156341435 0.13152816681746876 -0.3672007363570822 0.24503738793423288 -1.1950517236266205 -0.8115140889180421 0.19041412906989535 1.0931426378713904 -0.8810485735122908
b10 1.4320412058714886
w11 -0.10147953850120717 -0.18846620937810332 0.2950102575967248 -0.5617075460683625 -0.1649595313890925 -0.6232179024111969 -0.2355622875264557 0.09787580719517146 0.5813460712240675 -0.47982524298668106 0.09825864273496354 0.10199461967633162 0.21589249188448795 0.13655591058384312 -0.8705999908490916 0.46467935830792956 0.3282516612640477 -0.19772748222377137 0.241015595155852 -0.07835941274894442 0.37927139712779495 -0.23411540690649082 -0.5026366334002907 0.39153189841878633
b11 -0.2031527317011818
w12 0.9369589084177414 -0.04904715357862562 -0.1073087393759177 -1.5506121231029046 -2.1497167896831346 -0.31626896209022887 1.213951223211157 4.269619644422287 0.8222373124758359 -1.2263037149981721 0.17503514284235422 -0.006392362483261726 -0.5159915216363302 0.12308101615645366 -1.449690807365298 1.6864862118225779 -0.01976044663866294 -1.452647659410501 -1.1186028137708182 1.1023115701805224 -0.16353582630629476 -1.206596870655159 -0.9495306980116367 0.44205304814414825
b12 -1.1215774404131915
w13 0.5253440856721402 0.4151080794471255 -0.011154060656816614 0.09810824039560748 -0.5068003246977653 0.08456874069713728 0.3836479813157748 0.4833183838366859 0.4586255617754723 -1.419586868606888 -0.0647473171902761 0.07356673880090386 0.934330079692731 0.09519062958927821 -0.6519593631945704 0.6656242728783219 -0.06755708510402218 -0.5435961624923475 -0.9017305942021573 0.10617872812442324 0.026465858003115506 -0.15865727264782808 -0.21015414783401937 0.3837733735163897
b13 -0.9547421844309085
w14 -0.1371735059131843 0.6354914465274015 1.5666653736825429 1.3455983558307167 -0.7277309191910053 -1.933683468728816 -1.2239820108361565 0.2816647061427893 0.7995370710122784 -1.0545275966677048 0.761887318792752 0.48244991660413655 -0.513487186446736 0.678138877552278 -0.6587685501714153 1.320188867231889 -0.15698552092025436 0.6620456122491193 -1.3646041631671078 0.4423969591899905 0.391195595710069 -1.63102823945854 -0.12412109921902474 0.5435723390482767
b14 -1.1012688106722694
w15 2.097838018549653 -0.9005647755274138 -0.18776134742471737 0.12942667828589638 1.6779943358059444 1.4136985069824015 0.37668452867824354 0.6506702411828065 -1.166185453056989 1.5500324246981818 -0.3187179983873892 0.34257749306043334 -0.14782543774308146 0.6040081218571987 1.249836147699763 -1.6192359952353073 0.6834561631285923 -1.0628076254090675 0.025043123157756017 -0.1890209539026351 0.11875385506156605 1.3281748822546828 0.7412280825851033 -0.5103693724679044
b15 1.3898737866284818
w16 0.33851026302343495 -0.5974741580559054 -1.596054041521769 -0.9472671436829149 0.6269650697543399 1.941585118927419 0.023886035795063983 -0.10135836565168387 -0.8379275983152495 0.7904349118822872 -1.155366490819488 -0.7387840627708636 0.9908207554564469 -0.7593160722993856 0.6754929417018779 -0.4297234498899588 -0.3553467774938719 -0.17177766731528044 1.076315012038451 -0.41140597381975713 -0.8612102354684562 3.8913845516230254 0.8379521272127136 -1.1440378780327136
b16 0.2767938220502031
w17 0.2010665000292293 -0.3049731349320947 0.04163679043671019 0.7063474044469635 1.547370029913016 0.7551966413222957 -0.2216779055099994 -4.4654435595328525 -1.046819249606885 1.1305347780194854 -0.06882951340085917 0.17950861727275155 0.9247075531597309 -0.4706338667902106 1.283801587707731 -0.591636301646147 -0.020677809305421298 1.6275661818057976 0.45133246855193465 0.08622727572613466 -0.03084768626606097 1.8969056692738115 1.1803364808799908 -0.7158851300442948
b17 0.931668125712389
w18 0.3781184074421809 -0.41012374440233856 -0.6289157429552734 -0.3587786663946359 0.42847518577142535 0.00033339997391483383 -0.10958813569267795 0.30140655335135486 -1.2195895923666389 1.157572264199924 -0.29394786635784853 -0.1170562282453096 -0.3238051251910038 1.4302319568928903 0.5915135998812413 -1.3897992682943363 -1.4531508538704303 -0.4006601546684638 -0.4868077811471571 -0.9657307896284966 0.29945460068768553 1.5724617140488037 0.8935110322043862 -0.9291575002982354
b18 1.0921952155273016
w19 0.9304557231225451 -0.7525153193383208 1.1354393839554218 0.5056630933448479 1.311596983879872 1.2626230035783894 -0.0983712792350264 -0.12137378588043629 -0.671458411737631 1.0236196289674593 -0.6084764029903278 -1.389363843453058 -0.5988843646703328 -2.026953006405259 1.0585394013654423 -0.8910685039210792 0.6054543490687366 0.007991659968796725 -0.7800114812239353 -0.18164468479816218 -0.6588835696780176 -0.3385834097439053 0.4173955876501489 -0.13066255650155625
b19 0.7670459374700772
w20 0.6886163604448656 -0.3516542756601349 -0.04505204958153653 -1.3338113399205094 0.6733692304309318 0.9565114242996635 -1.0092515017041044 0.08492381064588693 -0.5872214311760007 0.08896496533349596 0.004907582589785609 -0.13788871235227346 -0.007196969319837097 -0.820005987508939 0.5301231012488402 -0.8887336429367833 1.6052068870785876 0.1454402094282963 0.09677533764981391 -0.10263607492240746 -0.7774970514463682 -0.14956075679109568 0.766923981932913 -0.5138958502807907
b20 0.32903529642242707
w21 -0.257433563745671 -0.03675284633332989 -0.11371729044830708 0.26091327432450295 0.752490829512611 -0.2372435659443861 -0.07399462881182528 0.016402260971601898 -0.49671746396405336 0.3821741461838003 0.06702466062461844 -0.06195227332506226 0.12017988375365796 -0.08573178394006757 0.4783186892948991 -0.6106121860026676 -0.0829413479177101 0.009065834031696062 0.1594726003710776 0.2594689725055014 -0.06617499266391236 0.25037862328424676 0.3275626726204229 0.12131983484014425
b21 0.3592541114158674
w22 0.6237544065958484 -0.3377413093130874 0.4201415449308879 -0.2520936967433107 0.7181146717906804 0.6345923092111713 0.20268739849857711 0.366252704258736 -0.6929832079715533 0.21040437182355104 -0.3021293276377704 0.0775675476608978 -0.7938573995545866 0.4255814311053063 1.2705675498980062 -0.7749171461698371 -0.6211177224160269 -0.023628434463416045 -0.857772397259444 -0.7029343911936478 1.7521897527572488 0.14239354085974135 0.9519657411158741 -0.12848283110644573
b22 1.0200067241446298
w23 0.5189048066591907 -1.3067471694249022 0.09873901706582917 -0.8367827359682337 0.9717968062474175 0.5949935518144371 -0.4215776816388534 -0.23883100368892404 -1.0632551370579038 0.7529294321400135 -0.11596847411105171 -0.5943423319830727 -1.1582895418582582 -0.0690049272392011 0.9134964516878845 -0.9650612725309401 1.1126241354318152 0.10713529676403505 -1.023653837541872 -1.0677396083677837 -1.368608466404746 -0.1368096809752589 0.9895541329682628 -0.15383866731178636
b23 0.6447489563999731
LAYER 2 linear
w0 -27.46612378739659 27.571347004706727 27.449909522485374 -28.0166019046492 27.69617987916999 -27.56244200117664 -27.59086472308826 27.75237505060142 -27.3889376700209 27.38475806730997 -27.4781038774761 27.67874480119099 27.566901414713268 27.688241965677523 27.388034642987932 -27.477421883203466 -27.767596597915055 -27.39736122709104 -27.742998599068358 -27.57357387106583 -27.585469136866923 -27.4305002221872 -27.592023599937637 -27.48373191243557
b0 -28.718918768596993

POT O 4.0
SYM 20
2 4.0 0.000312 0.0 0.0 H
2 4.0 0.25 0.0 0.0 H
2 4.0 1.25 0.0 0.0 H
2 4.0 5.0 0.0 0.0 H
2 4.0 0.000312 0.0 0.0 O
2 4.0 0.25 0.0 0.0 O
2 4.0 1.25 0.0 0.0 O
2 4.0 5.0 0.0 0.0 O
4 4.0 0.0003125 1.0 1.0 H H
4 4.0 0.0003125 4.0 1.0 H H
4 4.0 0.0003125 1.0 -1.0 H H
4 4.0 0.0003125 4.0 -1.0 H H
4 4.0 0.0003125 1.0 1.0 H O
4 4.0 0.0003125 4.0 1.0 H O
4 4.0 0.0003125 1.0 -1.0 H O
4 4.0 0.0003125 4.0 -1.0 H O
4 4.0 0.0003125 1.0 1.0 O O
4 4.0 0.0003125 4.0 1.0 O O
4 4.0 0.0003125 1.0 -1.0 O O
4 4.0 0.0003125 4.0 -1.0 O O
scale1 2.346985421254198 1.5868073311831181 0.5721187796646064 0.023706803706644672 0.2529830638954345 0.044565735229848455 5.073370170573561e-05 1.3533289648996567e-15 0.8751057246309669 0.27654445703434843 1.0433321007808602 0.29798646136449697 0.43291651731701464 0.32668348325236296 0.09335866427963532 0.01893366744238539 0.01036765355971064 0.005089616552172812 0.003586318372151214 8.880920933460789e-05
scale2 0.6327074230117051 0.25155074403295385 0.09657398025338226 0.013287333009785731 0.2529830638954345 0.044565735229848455 5.073370170573561e-05 1.3533289648996567e-15 0.5720448385712801 0.26621568707021287 0.46881351652349124 0.20185106334156575 0.43291651731701464 0.32668348325236296 0.09335866427963532 0.01893366744238539 0.01036765355971064 0.005089616552172812 0.003586318372151214 8.880920933460789e-05
NET 2 24 24 1
LAYER 0 sigmoid
w0 -0.7861783883710108 -1.5313343386656313 -0.40975394830213435 0.792216998794794 1.744586813654424 -0.007681610407623881 -1.0941050960002099 0.45858319008381293 1.5462474948166212 -0.05976456116137972 -0.25971599611975593 0.8892669428272791 -1.2896923050773477 -0.7005000574200441 0.022160629895081656 0.6865093544122156 -0.23449683693544013 0.37765112399568396 0.5225648016765247 0.2659977242834439
b0 -2.8666872914992054
w1 0.3286095906366566 0.06957158644269214 -0.3000490081445014 0.24491394293481245 -0.43841817083159584 -0.7078581573594834 0.1062719791567098 -0.01830512283102416 -1.3066061804288538 0.27594162305915093 1.2192228088393584 -0.8621662761716367 0.16350113465399704 0.8074728242698581 0.26817382237865356 0.16066213131484047 0.17465873691846198 -0.9536567417447364 0.5212993212904319 -0.055880550706880375
b1 -0.03034593751862491
w2 1.742711650479802 -0.58372378611881 0.18428096506938432 -0.7327636236690954 -1.3082473904980874 0.9555900414989517 0.7120103596338332 -0.39117243478758623 -1.2146503097618973 -0.1953147447461011 -0.9468948390133612 0.29971035587852535 1.0762481196787106 0.21228403048608413 -0.31216960111487274 -0.6198602855818838 0.5393117072721478 -0.7425869581338006 0.5290983126615433 -0.5910063577089887
b2 2.998697467426013
w3 -1.7161905712720786 0.2968082631943623 -0.15249419938170017 0.1356580646203246 1.6711238581708838 -2.128670832443525 0.6583121077024808 -0.21422367236838777 0.14830192790162264 0.5892174995848021 0.24057930965505708 0.025552519326580314 1.5307636163273433 -0.2042572864618016 0.9901017746659536 -0.37061473879427764 0.39814762762680717 -1.636624555614604 0.8540170983413944 -0.7017189158773678
b3 -0.00906789319716561
w4 -0.170186281938685 -0.8980740849452327 0.4139307615718602 -1.0813613461225655 0.4654987444377119 -0.35474633781572235 0.2894724906051673 -0.20038747051899664 -0.9028473897294603 0.4985370391147332 0.3983863888898878 0.4869341011762558 1.8007416996487702 -0.41458057573181156 -0.08623679252488853 -0.35067475869587156 0.09522297600519848 -0.3036077500411733 -0.00046839746338479674 -0.14232274527209446
b4 -3.9970219649695373
w5 0.5695808826875906 1.1572373429871672 -0.12015452614043366 -1.0028721382058008 -0.7121392947069018 0.28343028862225383 -0.14251721981684723 0.05495528725408112 0.4700170469886112 -0.7937133293698914 -1.4667021673629828 0.2920416928093582 0.06885262065184349 0.41734020846080633 -0.24507378977524513 0.33421550459443344 0.04181483054427247 0.2952490432586749 -0.3352372303510183 0.18127994095401592
b5 -2.890774403226023
w6 0.057086962866714955 0.14839165946372562 -0.020814126822793648 0.014409687065097373 -0.024187338071951794 -0.1594628068310421 0.02252877552776568 -0.01790078802015956 -0.21469994874769788 0.05912019140413004 -0.12201205816929041 -0.041947055073718924 0.4812299187525769 -0.27394549090745035 -0.002457708204419137 0.03330311651585207 0.1551681707009082 -0.08259367253264609 -0.0961362427996245 0.0038873532420572246
b6 -0.023635863488556046
w7 0.35805634421875043 -0.008323275435077684 2.7643692499578814 -2.822972995357952 0.04452463353467129 -0.6885818217976412 0.10011672947454253 0.02463893874180637 -0.8899282226621991 0.03217208107547845 0.21647386309581843 -0.5876570077346488 1.4338800396973579 -0.4624667937419149 -0.18993378583871443 -0.06216990366496928 0.024378169658374985 -0.05031774564943645 -0.1557688964407398 0.12597922535977132
b7 0.17594138768499765
w8 -1.4629567247921547 4.419944521606269 -0.3470720343725678 -0.8009296074071784 1.2736753509128325 -1.345968712560876 -0.7541264936607223 0.09926011786529648 1.496679876650007 -0.47472598505536356 -2.5325166511694372 1.147200163394887 -0.39559871200503544 -0.42554317785145795 -0.22767707362878062 1.1384428673468572 -0.17852394375544284 0.8222452519431701 -0.5381205805853432 0.39417338243531275
b8 -2.857785974433382
w9 -2.781742937266731 -1.7841047630473834 0.022696127098075655 -0.14362024199312232 0.42296993735195637 -0.017552717288805666 0.021504498011733705 0.2931746318847026 0.929620715080917 0.9717646241193046 4.079599521003345 0.34986135987028255 -0.17165704921934263 0.23745222669063099 -0.3759645000605819 -1.1193814960341548 -0.43906101770169303 0.3764732019546175 -0.35784463945065764 -0.2840010841758428
b9 -2.682627239933646
w10 -0.5282665125313802 -0.2823948921684781 -1.2809945450500553 1.4182719381740065 0.24363471493167818 -0.12985602664241638 0.004078438532698461 -0.00115151170173354 0.5022381346648861 0.05645470326023488 -0.2879655875137686 0.3269211015945847 -0.956364104157862 0.6542989626284322 0.4971375097822127 -0.02779334488621446 -0.5476072619531898 0.4240605990703099 0.17084601697917387 -0.0019761337788520273
b10 1.3259645919807665
w11 -1.102375528470619 0.2885917751104267 0.8886686856181373 -1.1531105613675103 -1.365486725094569 -1.0208654580848266 -0.6432511660056256 0.29684424059536046 0.6452121516316982 -0.05160014489617635 0.7776571146410471 -0.048295509391045016 0.714187557874388 1.4168140847890551 0.1494894935078767 -0.6416485094607702 0.03897478400944816 0.6443229975057386 -0.36736712901827806 -0.16299302741919458
b11 -1.5739649270051106
w12 0.6727430623026732 0.921717645873984 -0.06719531585147283 -0.3599013204993159 -0.6444414487601714 -0.886106072767508 -0.18532885995510137 -0.017812307689627153 -1.3759762277869074 -0.26770736312320154 0.4279044171357209 0.8242481860967186 1.302223122411346 0.4346454623989738 -0.02174515768308334 -0.366205190816038 -0.27229636321899947 0.7928111104972628 -0.46702218883145996 0.45527293233954075
b12 -1.9765759680662807
w13 -2.3888095344427005 1.8468657896036327 -1.1114157331345986 0.6763786942896223 0.8153683978007451 -0.40927500493904756 0.2936277002317126 -0.0341760410214956 0.7677475504685062 0.16277980456825814 0.6447182288497515 0.012895613210612972 -1.3213043279530563 0.6932086013060904 0.02763559619734206 -0.21463233767063053 0.3222973999556962 -0.34821835804877377 -0.01691154840936655 0.05086078137990373
b13 0.22283211337115338
w14 0.5216868028553986 1.8327959108205907 -1.0503411871675752 0.856890254734204 -0.296613184944923 -0.6931096461710239 -0.13991022008405216 -0.06076239205655395 0.3135508531878266 -0.4932176251102375 -1.3282963524598985 0.09706584012349267 -0.29977579034907104 -0.3553358859159244 0.8945719753321245 -0.006806394036424401 -0.01909240428465516 0.5224761784336982 -0.5056961218076019 0.24274372456729792
b14 -0.2542198484866513
w15 -0.9688364937676187 -0.5910226507825981 -2.184772362896152 2.3504111277771687 0.41591787259176444 -0.4424978637502616 0.10539336756833337 -0.04355943187748365 0.4130176694925238 0.17181529888601302 -0.3348360777555047 0.36405784729524937 -0.25986464453486285 0.6140992215901968 0.6648303522743055 0.0007084193063274689 -0.2417030962591259 0.15669513380665173 -0.09051989296305331 -0.009441154749631087
b15 -0.5302032542542473
w16 -1.145173437487722 -2.8832172366840116 1.0191651339999936 -0.5494834939809925 0.9287227558487381 -0.013786689892874859 0.08644481844844998 -0.012397824949041241 0.28746449289970427 1.0020103472174564 2.0753507915477196 -0.8202599324778366 -1.688152409114641 0.5418777084827793 0.45542922031570326 -0.21232354817300547 0.09976088006581986 -0.4619880698155539 0.2940182167772079 -0.18105137200155025
b16 0.1724525819831807
w17 0.14905369588070927 0.5483723873158682 -0.09198718949834075 0.040817275429691456 -0.05599955908508421 -0.5444046413289977 0.06629971353202856 0.080928552490361 -0.37695016729551173 0.05880991020382032 -0.6212137388204909 0.013686746219258984 0.3507932720676575 -0.09424564487206408 0.4765783722388145 0.0859901997584033 -0.1141940389366636 0.17240417178770526 -0.15012050485861153 -0.05943520932300218
b17 0.09878480415985375
w18 0.9052163161636214 0.40179648172441607 0.3305183948530418 -0.5792719625843704 -0.3504134326727629 1.3073974250472467 -0.058831477462559505 0.04308395367772988 -0.2207426306846101 -0.010961048417824219 0.8816178483086071 -0.3930011610005805 -0.5490842541510381 -0.24679225011169467 -0.751100656024647 -0.5108321829302153 0.4590598951359541 -0.35514529769219455 0.05411224714565387 -0.22011011265253044
b18 0.09341778587974678
w19 -0.36694519068835935 1.024177014316357 -1.1582995480386884 0.8851465741960451 -0.12162195231928599 -0.18635527165263815 0.04154265022739902 -0.003791151228141109 -0.6023299532687002 0.09692864068105803 -1.365094632173437 0.34920428348421556 0.9727101689576252 0.6073373142571031 0.34593047113785763 -0.04730969261249016 -0.14991178722363016 -0.25730772944412106 0.41205003728685274 -0.3206499319298655
b19 -0.22114460268891473
w20 -1.392016243707145 -0.020210786368087968 -0.660781302053895 0.6011353685802555 -0.18696526329545424 -0.9526815334412605 0.151074576328957 -0.34160883344551857 -0.572708477536732 -0.014230747654167722 2.004291557536729 -0.8257489047545312 0.7396604370681279 0.6326991843595176 0.026566591779806713 -0.6904073859948447 0.2684465243551939 0.500509045955219 -0.6092855084318695 -0.04064997745426989
b20 -0.7891772075066211
w21 1.0077396003166053 -2.0738273743188507 0.8595148694176523 -0.2481351158038539 0.01353153268117427 0.3707187237015419 -0.3296124690582856 -0.16800196032179107 -0.7382382246606062 0.23191032808057274 1.2838418816888948 0.17105523181555557 -0.8845929060572151 -0.15998748693085316 -0.1559527218654892 0.15329808057434607 -0.6310832870053974 0.44928096331059697 0.10503070280575365 0.06524904343408222
b21 -2.659421578488029
w22 -0.5927563121976449 -0.07106399812833503 -0.1222287199809622 0.48839720071699144 0.640957035304949 0.34519201318168324 -0.34888959300476496 0.0453406815365181 0.42501077588207326 -1.0408836412050033 1.331956969412368 -0.7844671297873045 0.23917605101585787 -0.8605888558052566 0.806956926837495 0.09631386979516465 0.4750873248912006 -0.3774145744562086 -0.22803561360663216 -0.5446626777027475
b22 2.8461821164658727
w23 -0.12377151067368933 0.5030974848814788 -0.43192457963200004 0.3445437630298481 -0.055745083946934226 0.5532111049875617 0.013005284138476274 -0.07112008717515445 -0.0081299483600957 0.13544526827492237 -0.1406473567418853 0.06515721485964296 -0.7432691139790479 0.033699651395372454 0.0680358800742402 -0.1419523394498787 0.13298915507063888 -0.23295734727138265 0.22061586389201485 -0.14918351152098355
b23 -0.20014461910670778
LAYER 1 sigmoid
w0 1.379644523090326 0.7415893471335557 -0.9644811188658745 -1.2913969863500705 0.5475506784441053 0.9376688114585686 -0.2802362211939333 -1.4495281859131601 1.3250902485152667 0.7559094689883844 -0.1017413892869119 -0.03729163606453758 0.1683075420685423 0.6596604811237557 2.9438842794672735 0.6734285263101816 -1.198932620208654 -0.8776256309897325 -0.645570725088374 -0.29733879974417343 1.044056135259704 0.9498073607352316 -0.7595837662011574 0.9905374436766473
b0 -0.7326883739607465
w1 1.4390236650411001 -2.827818891307291 -1.0875076180568704 0.9032565426560797 0.6085443239100193 1.3519911218216862 0.8761250391364097 0.24836822340644735 1.153585953510227 1.113579339525978 -0.9887214047904533 0.21999906889303092 0.053907787149389534 1.8317763925355146 0.07244117864166506 -0.22995322763589118 -0.7525953382522069 2.6872391956234143 -0.9146655233962984 -0.20639445823432506 0.3810227556076296 1.1269096666334506 -1.0132139896010135 0.14339751671216783
b1 -1.0976174825171698
w2 -1.2694331131117054 0.5891077727629858 0.49553328484607495 1.3478797350934146 -0.6769063219622918 -1.0250621750026927 -0.3997774761732447 -0.029465996870190192 -1.1213947362584245 -0.32126125505337805 -0.015156973045380934 -1.5018199588848982 0.21717351620613154 -2.595490585813161 0.9817429305740969 0.8396004518843677 0.6892773741583004 -0.8323859698278676 2.746888375645039 0.25299131834358446 -1.8787480234778393 -0.5716540489348273 1.2385936601877803 -0.110049334967151
b2 0.9565206817603499
w3 -0.7052092199677295 0.9466870058015603 0.8115085785752034 0.7654164390517357 -0.42910563821572845 -0.1816763506000531 0.021335051539312856 -0.5515110310126672 -0.8694443752655572 -0.7187937021831824 0.242172446770995 -0.7692691471177603 -0.20607238169206102 -0.8531779395171637 0.3827175716487593 0.2150932979728067 0.37711602936135075 0.04998167707214112 1.5592361868159201 0.3291277353083723 -1.6299557576593122 0.16048195736415152 0.743209789704497 -0.3494680577852846
b3 0.811278830626915
w4 -0.2943186531927428 0.012524966127971689 0.21738147229680307 -0.022456156018083283 -0.6075393924322476 -0.241885386772581 0.009237778457090028 0.0035842086276690207 -0.16587322449924527 -0.3789800707767139 -0.6253747252207068 0.051499830674662815 0.15635161347354767 -0.04430555557544511 -0.06558523410218878 -0.008967492383479745 -0.044912872851266564 0.02222495977361266 0.041770083327863056 -0.09499504023057077 0.03976594013324482 -0.20390136572834583 0.1554009033454003 -0.004182855538302015
b4 0.5970646425454365
w5 1.1785800330647251 -0.32405721167981044 -0.6460423695130612 0.04931028361386959 0.6630480246313815 1.7300114174639278 -0.19297022225854366 -0.8958446723413606 0.7890448279200499 0.9866434625562358 -0.8611811635972555 0.6340154205312385 0.6866052199542283 0.4859821296319627 0.6559984262329548 0.29869796617168987 -0.1131931690768104 0.13864269345427596 -0.7910907602823452 0.5102786262231471 0.8920101086708592 0.8308905586730002 -0.8523033621459989 0.9422755687126105
b5 -0.8613313125755995
w6 -1.645172429850295 -0.2627014539190045 1.3534448002836066 0.6752829168705407 -1.5199706868261147 -1.1821946307886813 -0.2512103433631644 2.2348534343830866 -0.6983451214911115 -0.8537638476055779 0.1884185103792582 0.14862438736274644 -0.4851390213620699 -1.8564431361237235 -1.5929725530301886 -0.6549804304829163 0.629940258050787 -0.6540766751884917 1.1292656278355475 -0.1298775227270802 -0.3971546286042459 -0.4064945738966738 1.0870827871866318 -0.9407343556071942
b6 0.6424411447750775
w7 -0.8252255069576369 0.7432565219706463 1.0257398011888916 -0.47286703397530894 -0.6869568164873713 -1.577113045861222 0.0003400445436609775 0.775449311302491 -0.746331480590998 -0.6357253065783993 0.4610658832156854 -0.3997616499715106 -0.9315073857168372 -0.32305596965961636 -0.25124498843180354 -0.21601148617155727 0.6561173082696693 -0.1612286059263205 0.7721517121173879 -0.5528020616392421 -1.363848103533044 -1.021554426944843 1.7443818873587587 -0.7391317084858489
b7 0.34721262627658667
w8 0.6555421722626305 -0.40765530533877736 -1.4100739375800913 0.1576132123719739 0.6536886257498749 1.2974770939355 -0.46457458100161025 -0.6260363785501097 0.9006782923657185 0.71196956069652 -0.3610727789051052 0.6744183879353981 0.7052403180392705 0.08755463773106052 0.8527639203700854 0.4518563300246362 -0.6600797050409298 0.5623672391225648 -0.9692361611759921 -0.003783743555686287 0.9756873047815037 0.7437068131490667 -1.086538234754775 0.8345891923878791
b8 -0.8722365138861319
w9 1.0532467987560523 -0.8416505052122847 -0.8757658472178251 -1.289483894043375 0.3614856169254849 0.7751326616086789 0.42950092678466456 0.43660816546961045 1.2118506048729694 0.35652800280678915 -0.1469805138578194 -0.1489309529630864 0.5433613852025866 -2.0870488370920373 0.5743573741054441 0.0342643005310923 -0.47590525046491455 0.6284781810484033 -1.671284816636258 -0.3203868029631026 0.30351049590344903 -1.1840172114726197 -1.0734672445452005 -0.04908380365381985
b9 -0.5619176100973723
w10 -1.321177080550166 -0.020241791251516063 1.1107746952673052 -1.0767607485002686 -1.2099617829724003 -0.7897984221966867 -0.8303160378651979 -0.33009787739605756 -0.840987846372589 -0.8218726360411528 0.5614788159194539 -0.7252415111167038 -0.618710362667757 -1.134996567635966 -0.302347673620164 0.4990382644800058 1.0073279715489718 -1.7858036789179832 2.0304772412833905 0.355057447815992 -0.6274115976320721 -1.1474821628476068 0.8610074513599778 -0.2503111234449218
b10 0.7146803633107429
w11 -1.2600170363335403 1.8447020351719816 0.7770950809364834 0.49341915301830547 -1.5945449153911513 -1.5782267262659517 1.4720586117060117 0.39656729952127867 -0.8441123543150764 -0.5252260393673298 0.6099560602829714 -0.7725851086004696 -0.437743967619467 -1.2951121790441809 -0.33472668675734707 -0.3228280054164647 1.2456220378844387 -1.7053624801356828 0.5406708815420672 -2.315114275753314 -0.9745548329142276 -1.1195162406027377 1.4959355439432385 -1.43489276998125
b11 1.1265431383162963
w12 -0.48858130514206505 -0.539709212859589 0.620881605768391 -1.1523816445426518 -0.7370820786466854 -0.7534489804467028 -0.1417855484269065 0.24406696284522877 0.01119190106358504 -0.0773713177075762 1.0144647589609086 -0.6315911556582366 0.22603880800048576 0.7491555057938086 0.18555309937191483 0.08883445979226531 -0.18050932203634706 -0.1680655518383518 1.3394442780382232 0.12015601860825965 -0.5567611656301927 -0.31068487423573476 0.34915020026423116 -0.00882144700929052
b12 0.6274338943725634
w13 -0.6071603851089731 -0.6551101264060998 1.3507410940301563 0.21457623315874977 -1.726556852587643 -0.8409101583765218 0.010868336103154543 -1.607829684759031 -1.2404534373702618 -0.7307268245494599 -2.0076978487060546 0.1471596733765118 -0.08007314879691146 -0.5138054652716657 -0.6688747174806224 1.9868291619129506 0.0030588512687920316 -0.27965695132401885 -1.534258449744886 -0.45944332249333286 0.37789592862627164 -0.7420687662782435 0.8710742374904095 -0.08485746518067912
b13 1.2158785937403955
w14 1.069191564188223 0.026202037044643817 -0.588876723702135 -0.04962127592294464 0.36389721001393605 0.8897717067783877 0.02210884335021812 -0.03659005074526625 0.22632909117614777 -0.20804025979161078 1.3156840672548846 -0.361062409993497 0.20724173336806923 -0.09890459002920249 -0.1106502113967971 0.1771550008350074 -0.07194350327274646 0.031544660882106036 0.10278959535269219 -0.23076203660907724 0.08110770880393949 -0.28321763388943555 -0.37977662802934503 0.0005010924924117455
b14 -0.9180167629920698
w15 -1.426724703335989 -1.2324151387069717 0.6537802567640782 -1.1346587449842844 -1.5608879835381335 -1.1204205383758175 0.1513901512738282 -0.09686152856158547 -0.5932434148622655 -0.6596793135604349 0.5895939187356015 -0.4854822459961522 -0.18497808613737485 0.2064995957638063 -0.33507023707982647 -0.3591169357326122 0.8018152310005808 -1.5228748708877808 0.1538405707353095 -0.019695579968567772 -0.9986481034038427 -1.383816990432478 1.6132890950089278 -0.7975517571888193
b15 1.056328351062415
w16 1.4803602704842882 -1.2020595063616588 -0.8915492077292069 -0.07642083103297641 1.5095242715367863 1.480936626973934 -1.5992512898739693 -0.39639206337351307 1.1451027154421178 0.5271019599894882 -0.41364608647241324 0.5772123574326126 0.6700972739020774 -0.10697045843578852 0.36141773796377213 0.43314922456424854 -1.6763562148285498 0.8452759280914826 -0.5732835830913903 3.7281089770798235 1.0587374119867023 0.603173835546846 -0.5963352046641822 0.4854215840227098
b16 -1.0462998087626896
w17 1.5287839941043069 0.37749169136258626 -1.1565551038908282 -1.6432059247998356 1.6490414525354053 1.2148897794428841 0.05533434526840235 1.2215421250298533 1.6287072081490546 1.2346756117710782 2.080153933330368 -1.1198008124137073 0.26426329306919466 -0.09450508198637197 0.0021710415688334403 -1.5527464228780739 -0.24096083983413388 -0.246589501484236 0.6427655831302784 0.25369061609047017 0.6005244387093148 0.8601415413795852 -1.3253391894370288 0.3749972305860836
b17 -1.0034309238947356
w18 -0.9690683352586048 0.4597530567839081 1.3136350488510362 0.991477956609883 -1.0010346065777243 -1.2845742879898179 1.186285561076063 0.9799458157948909 -1.1129014338282621 -1.0835412050626338 0.7846688093686067 0.1867302169691343 -0.49612920340309397 0.22730710599481752 -0.38963976885952467 -0.4803785030135664 2.49701910603936 0.4212064890106585 0.7425636279765794 -4.2118197181823875 -1.5615554717314504 -0.5620326220055657 1.0978357591714012 -0.8921348198723495
b18 1.2031999909947104
w19 -1.2571492471170946 -1.3249549563880774 1.1925673316129735 1.3125580247934263 -1.2038182241001176 -0.7362495209794474 0.7501489272002586 1.541101612082212 -0.5857314639876069 -1.06200891713818 0.2709642880462805 -0.46051764299983466 -0.7388838861536546 -0.6610212430769846 -3.6238887210790534 -0.537733562596124 1.53458337266245 0.09986629351901315 0.20440892982273615 0.41741813937418093 0.09816010741700718 -1.4574960838836075 1.127347846705473 -0.6012737612200487
b19 1.2674834883353723
w20 0.8866494468314053 0.2795808453311775 -1.4338555435007436 -1.6604624989200365 1.0899808163292712 1.402794702104846 0.3606399628708949 -1.1331257647319395 1.1586831480017428 0.833385904973064 -0.3837917582642252 0.34085825978872564 0.38492409231173536 1.993661163156837 4.133623829632682 -0.10328835534854468 -1.4526496154632518 -0.38901214348717916 -0.5713849299834649 -0.5934091809531518 1.2743823724295487 0.9460556370132936 -0.4982664310293312 1.2452163069945914
b20 -1.4043818166594042
w21 -1.1200444336241853 0.6583360125316263 0.4154723198315609 0.21023520633185117 -1.1520617631613976 -1.7277552941601242 0.6479764511460518 0.8485500099647284 -1.1238287212685028 -1.0049778472234183 0.8804727836614717 -0.145394731434077 -0.6702947795055818 -0.43675008105522467 -0.40446673146038825 -0.5342225552066426 0.4193870749897532 0.12245520283206486 0.7358744446649929 -0.34179154640633835 -1.0851652467110005 -0.5553942418599105 0.7426254843430916 -0.6467797983974106
b21 0.8387148385523215
w22 -1.1084054309699267 2.1124595650812386 1.1199294011739689 1.3424301294204926 -0.5640568205725036 -0.8994453920917024 -0.0010873562921644244 1.3953071873160765 -0.924711101736943 -0.48593623270586966 0.9158127566363006 -0.13691894970739257 -0.9046960828096343 -2.547343611292539 -0.12138152053705145 -0.8379010657901408 2.2209848551923104 -1.0090009879752875 0.8310996939326746 -3.048168466747055 -0.5049578179049132 -0.6807280693395321 1.1421907606470405 -0.9834469466170713
b22 1.5946682294571493
w23 -0.2639293979329167 1.1262278761914348 0.6726011323996146 -0.28756795546426167 -0.8893938145763159 -2.0840863434463848 0.029820789486860733 -0.38244758246191934 -0.7258626496153497 -0.20298636091250746 0.47700164477182294 -0.5542890551550852 -0.699377562905713 -0.16872670784467533 0.18943991809711144 0.32268482854582986 0.2688071530949131 -1.2432267456735833 1.2426672615632135 0.18849116103794325 -1.5674954526996097 -0.3134819684467285 1.147813685334913 -0.6101928572868807
b23 0.6427531593861698
LAYER 2 linear
w0 27.41365809116113 27.488495394043433 -27.71924208026808 -27.549562665133895 -27.46913194499879 27.509612669614498 -27.508934306340414 -27.628383562562412 27.773792719459053 27.466799664904855 -27.541446958798602 -27.427851317476957 -27.547303093154657 -27.417246604320386 27.48548461429845 -27.43462748091082 27.57029749217032 27.979514081653978 -27.64097011449018 -27.45010969403392 27.754411004812933 -27.59255674429407 -27.74475058589736 -27.640521502545997
b0 -27.748957312634325

